84 104 105 115 32 105 115 32 97 32 116 101 115 116 32 102 105 108 101 46 10
10
73 116 32 99 111 110 116 97 105 110 115 32 50 56 32 119 111 114 100 115 32 97 110 100 32 50 48 32 100 105 102 102 101 114 101 110 116 32 119 111 114 100 115 46 10
10
73 116 32 97 108 115 111 32 99 111 110 116 97 105 110 115 32 49 54 53 32 99 104 97 114 97 99 116 101 114 115 46 10
10
73 116 32 97 108 115 111 32 99 111 110 116 97 105 110 115 32 49 49 32 108 105 110 101 115 46 10
10
73 116 32 105 115 32 97 108 115 111 32 115 101 108 102 45 114 101 102 101 114 101 110 116 105 97 108 46 10
87 111 119 33 10
